1295406.963667 0 0 0 0 0 0 1
1295406.963699 0.00310638 -0.00577705 0.00246192 -0.00287965 -0.000126025 6.35193e-05 0.999996
1295406.963730 0.00678233 -0.00888672 0.00493501 -0.005307 0.0017041 0.00173329 0.999983
1295406.963762 0.0106168 -0.0133614 0.00864578 -0.00836413 0.00660942 0.00103861 0.999943
1295406.963794 0.0132028 -0.0170183 0.0107702 -0.0107038 0.0148777 0.00119544 0.999831
1295406.963826 0.0119498 -0.0211062 0.0127761 -0.013286 0.0233062 0.00156335 0.999639
1295406.963858 0.0119706 -0.0243401 0.0143545 -0.015006 0.0294128 0.00190158 0.999453
1295406.963890 0.0119714 -0.0243461 0.0143645 -0.0150086 0.0294136 0.00190145 0.999453
1295406.963922 0.0113199 -0.0329515 0.0125378 -0.0185095 0.0309436 0.00798769 0.999318
1295406.963954 0.0144153 -0.0348551 0.0150653 -0.0188429 0.0246284 0.00876852 0.999481
1295406.963986 0.0155257 -0.0370239 0.0181222 -0.0190808 0.0244465 0.00936239 0.999475
1295406.964034 0.0207581 -0.0429914 0.0187588 -0.0187548 0.02808 0.0122964 0.999354
1295406.964066 0.0220432 -0.0470655 0.0192026 -0.0185621 0.0306818 0.0143405 0.999254
1295406.964098 0.02561 -0.0514514 0.0192494 -0.0188928 0.0319296 0.0159178 0.999185
1295406.964130 0.0275728 -0.0557047 0.0192382 -0.0189305 0.0322763 0.0181973 0.999134
1295406.964162 0.0308026 -0.0592054 0.019708 -0.0182825 0.0317514 0.0199113 0.99913
1295406.964194 0.0341938 -0.0627593 0.0196076 -0.0174041 0.0305839 0.0222655 0.999133
1295406.964226 0.0367431 -0.0671307 0.0199896 -0.0168856 0.0289059 0.0222786 0.999191
1295406.964258 0.040022 -0.0689455 0.0198607 -0.0151893 0.0278821 0.0230148 0.999231
1295406.964291 0.0400279 -0.0689426 0.0198647 -0.015188 0.02788 0.0230143 0.999231
1295406.964323 0.0395997 -0.0739058 0.0200036 -0.0143718 0.0272876 0.022783 0.999265
1295406.964355 0.0420438 -0.0781314 0.0200911 -0.0136863 0.0258125 0.0235777 0.999295
1295406.964388 0.0424736 -0.0836729 0.0215656 -0.0137273 0.0232012 0.0233949 0.999363
1295406.964434 0.0395926 -0.0892737 0.0244027 -0.0131803 0.0179991 0.0217124 0.999515
1295406.964466 0.0396072 -0.0915129 0.026112 -0.0128807 0.0150113 0.0213483 0.999576
1295406.964498 0.0397055 -0.0929787 0.0279746 -0.0125535 0.0119507 0.0209937 0.999629
1295406.964530 0.0396658 -0.0949199 0.0303992 -0.0123298 0.00907371 0.0205045 0.999673
1295406.964562 0.0403457 -0.0991164 0.0330263 -0.012849 0.00650314 0.0201489 0.999693
1295406.964594 0.0393926 -0.100464 0.0351743 -0.0122118 0.00449174 0.0183196 0.999748
1295406.964626 0.0380332 -0.102465 0.0375052 -0.0120885 0.00320006 0.0175641 0.999768
1295406.964658 0.0385568 -0.103747 0.0400614 -0.0117441 0.00187068 0.0166562 0.999791
1295406.964690 0.0393639 -0.103275 0.0414338 -0.0117496 0.00143775 0.0162036 0.999799
1295406.964722 0.0413951 -0.104517 0.0450814 -0.011726 -0.000349702 0.0154522 0.999812
1295406.964754 0.0430583 -0.106919 0.0485798 -0.0119423 -0.00227012 0.0151466 0.999811
1295406.964802 0.0408695 -0.111574 0.0546407 -0.0133052 -0.00454244 0.0137215 0.999807
1295406.964834 0.0418115 -0.112499 0.0583796 -0.0141404 -0.00636531 0.0137866 0.999785
1295406.964866 0.0407917 -0.112832 0.0630029 -0.014693 -0.00736441 0.0137911 0.99977
1295406.964898 0.0395017 -0.112984 0.0672039 -0.0144573 -0.00804059 0.0135356 0.999772
1295406.964930 0.0386439 -0.113642 0.0712441 -0.0144144 -0.00877984 0.0133832 0.999768
1295406.964962 0.0380661 -0.114268 0.07551 -0.0141895 -0.00903012 0.0124632 0.999781
1295406.964994 0.0388688 -0.115695 0.0789423 -0.0142326 -0.00843945 0.0123382 0.999787
1295406.965026 0.0401425 -0.11604 0.0821139 -0.0134041 -0.00766816 0.0121224 0.999807
1295406.965059 0.0403359 -0.116807 0.0846286 -0.0124444 -0.00630972 0.0123486 0.999826
1295406.965090 0.0392231 -0.112258 0.0862143 -0.0111967 -0.00598817 0.0124086 0.999842
1295406.965122 0.0394538 -0.113841 0.0889559 -0.0104542 -0.00460171 0.0127668 0.999853
1295406.965154 0.0397294 -0.114894 0.091305 -0.00959611 -0.00330969 0.0134074 0.999859
1295406.965202 0.0385369 -0.118086 0.0941715 -0.00885632 -0.00157519 0.0137229 0.999865
1295406.965234 0.039602 -0.1183 0.0968087 -0.00843608 -0.00156175 0.0139864 0.999865
1295406.965266 0.0408821 -0.118311 0.0996627 -0.0082023 -0.00192974 0.0140328 0.999866
1295406.965298 0.0383801 -0.117483 0.101741 -0.007081 -0.00136057 0.0138237 0.999878
1295406.965330 0.0373269 -0.11903 0.103624 -0.00643899 -0.00140329 0.0133796 0.999889
1295406.965362 0.0374487 -0.119848 0.104936 -0.00561197 -0.0016532 0.0133205 0.999894
1295406.965394 0.0372718 -0.120898 0.106436 -0.00518495 -0.00218637 0.0136525 0.999891
1295406.965426 0.0374744 -0.121099 0.108249 -0.00461005 -0.00306081 0.0135572 0.999893
1295406.965458 0.0339181 -0.119809 0.10924 -0.00389838 -0.00290041 0.0135026 0.999897
1295406.965490 0.0364847 -0.118245 0.109644 -0.0033394 -0.00354713 0.0136839 0.999894
1295406.965522 0.0355802 -0.11807 0.111 -0.00263601 -0.00448182 0.0145583 0.99988
1295406.965554 0.0339718 -0.115333 0.112114 -0.00184698 -0.00579442 0.0156906 0.999858
1295406.965602 0.0281461 -0.11541 0.114609 -0.00174029 -0.00839581 0.0151083 0.999849
1295406.965634 0.0263712 -0.115511 0.116188 -0.00155852 -0.00973703 0.0144179 0.999847
1295406.965666 0.0219396 -0.116075 0.117728 -0.00138752 -0.009853 0.0134673 0.99986
1295406.965698 0.0208909 -0.115736 0.118794 -0.00102348 -0.0107164 0.013059 0.999857
1295406.965730 0.0199294 -0.11499 0.119963 -0.000730312 -0.0116252 0.0125523 0.999853
1295406.965762 0.0190622 -0.114206 0.121237 -0.000346944 -0.0131558 0.0129824 0.999829
1295406.965794 0.015205 -0.114132 0.122803 -0.000115498 -0.0145388 0.0114162 0.999829
1295406.965826 0.0131041 -0.112849 0.124438 0.000170698 -0.016864 0.0112644 0.999794
1295406.965858 0.0119482 -0.111704 0.126297 0.00012519 -0.0196041 0.0111242 0.999746
1295406.965890 0.0172004 -0.111738 0.127808 0.000102741 -0.0215756 0.0103331 0.999714
1295406.965922 0.0160946 -0.111244 0.129794 0.000403344 -0.0244966 0.010486 0.999645
1295406.965970 0.012215 -0.112677 0.13139 0.000906216 -0.0287183 0.00923801 0.999544
1295406.966002 0.0109206 -0.112406 0.13286 0.00186009 -0.0305959 0.00955401 0.999484
1295406.966034 -0.00325552 -0.110743 0.129972 0.00286208 -0.0275737 0.00975264 0.999568
1295406.966066 -0.00869278 -0.114705 0.131063 0.0025935 -0.0280001 0.00879721 0.999566
1295406.966098 -0.0117669 -0.114706 0.132005 0.00299598 -0.0293384 0.00700197 0.999541
1295406.966130 -0.0124292 -0.113732 0.133774 0.00383305 -0.0314406 0.00684975 0.999475
1295406.966162 -0.0153778 -0.113936 0.135773 0.00441504 -0.0335275 0.0065668 0.999407
1295406.966194 -0.0183354 -0.11647 0.138466 0.00419483 -0.0351174 0.00583333 0.999357
1295406.966226 -0.0193352 -0.119053 0.140903 0.00385669 -0.0363369 0.00486615 0.99932
1295406.966258 -0.0201971 -0.121053 0.143883 0.00374078 -0.0368685 0.00412882 0.999305
1295406.966290 -0.015958 -0.118656 0.14689 0.00407882 -0.0382819 0.00447811 0.999249
1295406.966322 -0.0166168 -0.118222 0.150948 0.00427285 -0.0384627 0.00398068 0.999243
1295406.966370 -0.0195909 -0.118097 0.156955 0.00347739 -0.037377 0.00436071 0.999286
1295406.966402 -0.0185145 -0.118558 0.162165 0.00284733 -0.0383159 0.00480448 0.99925
1295406.966434 -0.0159783 -0.118992 0.16748 0.00196118 -0.0398438 0.00525365 0.99919
1295406.966466 -0.0130077 -0.117822 0.173739 0.00146509 -0.0417809 0.0068966 0.999102
1295406.966498 -0.0106489 -0.11943 0.180181 0.000402717 -0.043071 0.00777761 0.999042
1295406.966530 -0.00825865 -0.118562 0.186706 -2.71562e-05 -0.0439562 0.00898325 0.998993
1295406.966579 -0.00590373 -0.119162 0.193398 -0.000878825 -0.044737 0.00967938 0.998951
1295406.966594 -0.0031813 -0.118838 0.200069 -0.00120009 -0.0455312 0.0105371 0.998907
1295406.966626 -0.00101215 -0.11897 0.206461 -0.00130574 -0.0459821 0.0113991 0.998876
1295406.966658 0.00148859 -0.118707 0.212878 -0.00123614 -0.046693 0.0123948 0.998832
1295406.966690 0.00704043 -0.117173 0.218397 -0.00120606 -0.0490409 0.0137 0.998702
1295406.966722 0.00821824 -0.116847 0.224379 -0.000723627 -0.0490224 0.0143725 0.998694
1295406.966770 0.00584234 -0.119292 0.230668 -0.000271977 -0.0475235 0.014433 0.998766
1295406.966802 0.0114647 -0.116452 0.23563 0.000559629 -0.0498952 0.0154447 0.998635
1295406.966969 0.0081534 -0.120933 0.241572 0.000739843 -0.0470738 0.0137222 0.998797
1295406.967026 0.0122425 -0.125697 0.270698 0.0040354 -0.0547477 0.012602 0.998413
1295406.967058 0.0164614 -0.123561 0.278742 0.00525649 -0.0570822 0.0129278 0.998272
1295406.967090 0.0203615 -0.123769 0.284171 0.00598272 -0.0583544 0.0123507 0.998202
1295406.967138 0.0211716 -0.124146 0.289451 0.00625243 -0.058481 0.0122118 0.998194
1295406.967172 0.0211064 -0.124301 0.294186 0.00683165 -0.0582857 0.0117105 0.998208
1295406.967205 0.0225805 -0.123997 0.299188 0.00721861 -0.0585726 0.0115335 0.99819
1295406.967234 0.0234104 -0.125254 0.30396 0.0071943 -0.0585414 0.0113058 0.998195
1295406.967266 0.0248055 -0.126756 0.308035 0.00725091 -0.0591769 0.0105614 0.998165
1295406.967298 0.0265024 -0.125458 0.312071 0.00803793 -0.060298 0.0101359 0.998097
1295406.967330 0.0273632 -0.125592 0.316229 0.00817107 -0.0613118 0.00985215 0.998037
1295406.967362 0.0276198 -0.125982 0.320459 0.00813605 -0.0620784 0.00933352 0.997994
1295406.967394 0.0282559 -0.126991 0.324265 0.00807106 -0.0625411 0.00848225 0.997974
1295406.967426 0.0290177 -0.126444 0.328362 0.0080508 -0.0625967 0.00846373 0.997971
1295406.967458 0.0287481 -0.127835 0.332202 0.00757957 -0.0622514 0.00767818 0.998002
1295406.967490 0.029678 -0.128271 0.335625 0.00719464 -0.0620332 0.00757779 0.998019
1295406.967588 0.0322342 -0.129078 0.339826 0.00633895 -0.0623308 0.0083228 0.998001
1295406.967669 0.0350079 -0.130762 0.352437 0.00412107 -0.0641306 0.0105401 0.997877
1295406.967704 0.0394721 -0.130404 0.355594 0.00433207 -0.0663651 0.0111637 0.997724
1295406.967737 0.038582 -0.130506 0.358736 0.00344826 -0.0693005 0.0116212 0.997522
1295406.967765 0.0392344 -0.130117 0.361742 0.00277239 -0.07229 0.0126189 0.9973
1295406.967797 0.0383935 -0.130184 0.364151 0.00237046 -0.0752803 0.0128432 0.997077
1295406.967829 0.0380069 -0.131174 0.366286 0.00212182 -0.0786098 0.0126282 0.996823
1295406.967861 0.0374364 -0.130053 0.368307 0.00227795 -0.0823012 0.0131857 0.996518
1295406.967893 0.0362057 -0.131607 0.369987 0.00203226 -0.0859855 0.0131762 0.996207
1295406.967925 0.0354765 -0.132786 0.371809 0.00133772 -0.089913 0.013652 0.995855
1295406.967957 0.0361761 -0.133682 0.37282 0.00138003 -0.090596 0.0135915 0.995794
1295406.968005 0.0318267 -0.135586 0.374702 0.000985383 -0.0974122 0.0138658 0.995147
1295406.968037 0.0302506 -0.13586 0.375622 0.00127099 -0.100992 0.0139703 0.994788
1295406.968069 0.0331612 -0.136053 0.37601 0.0013105 -0.102294 0.0136489 0.99466
1295406.968123 0.0297091 -0.135771 0.377069 0.00216487 -0.110444 0.0151476 0.993765
1295406.968167 0.0262458 -0.13674 0.377342 0.00295619 -0.11887 0.0155864 0.992783
1295406.968199 0.0237883 -0.136551 0.377381 0.00354961 -0.122632 0.0159012 0.992318
1295406.968231 0.0229547 -0.137415 0.377805 0.0035794 -0.127075 0.0161412 0.991755
1295406.968263 0.0210372 -0.138641 0.378117 0.00334137 -0.131081 0.0160602 0.991236
1295406.968295 0.0187612 -0.139041 0.378374 0.00335997 -0.134909 0.0156778 0.990728
1295406.968327 0.0151483 -0.139412 0.377336 0.00361999 -0.137557 0.0150174 0.990373
1295406.968359 0.0127634 -0.140174 0.377337 0.0035663 -0.141235 0.0144936 0.989864
1295406.968391 0.0102406 -0.140756 0.37742 0.00356982 -0.14517 0.013883 0.989303
1295406.968439 0.00745133 -0.141148 0.377294 0.00369435 -0.148838 0.0129186 0.98877
1295406.968471 0.00463123 -0.140886 0.377128 0.00382723 -0.152576 0.0127042 0.988203
1295406.968503 0.0010052 -0.141761 0.376935 0.00363471 -0.156621 0.0122642 0.987576
1295406.968535 -0.00412411 -0.143206 0.376643 0.00326845 -0.159869 0.0109006 0.987073
1295406.968567 -0.00740456 -0.142736 0.376709 0.00334059 -0.163764 0.0104766 0.986438
1295406.968599 -0.00774153 -0.142769 0.379289 0.00329947 -0.169008 0.0102603 0.985556
1295406.968631 -0.00904192 -0.141999 0.379563 0.00392457 -0.173194 0.0100535 0.984829
1295406.968663 -0.0122132 -0.143 0.379578 0.00365917 -0.176376 0.0102496 0.984263
1295406.968695 -0.014588 -0.143096 0.379359 0.00396143 -0.180657 0.0104672 0.983482
1295406.968727 -0.017089 -0.144185 0.379028 0.00385298 -0.185028 0.0101636 0.982673
1295406.968759 -0.0209696 -0.144 0.378112 0.00443692 -0.187764 0.0106028 0.982147
1295406.968791 -0.0206802 -0.144874 0.377864 0.00488774 -0.191831 0.0104796 0.98136
1295406.968839 -0.02103 -0.145036 0.376573 0.00562021 -0.194559 0.00996201 0.980824
1295406.968871 -0.0215076 -0.144217 0.375723 0.00684117 -0.196457 0.0103246 0.980434
1295406.968903 -0.0240189 -0.1438 0.374584 0.00753551 -0.197809 0.0107323 0.980153
1295406.968935 -0.0255903 -0.143868 0.373916 0.00795627 -0.199926 0.010713 0.97972
1295406.968967 -0.0249024 -0.144892 0.374179 0.00771884 -0.203071 0.0111515 0.97907
1295406.968999 -0.0263406 -0.144528 0.374156 0.0081345 -0.205908 0.0113611 0.978472
1295406.969031 -0.0268687 -0.145585 0.374661 0.00766894 -0.209729 0.0113583 0.977663
1295406.969063 -0.0272246 -0.145194 0.374487 0.00779045 -0.213178 0.0111331 0.976919
1295406.969095 -0.0278574 -0.143277 0.375705 0.00839933 -0.2164 0.0105743 0.976211
1295406.969127 -0.0282567 -0.143684 0.377093 0.00814367 -0.219703 0.010544 0.975476
1295406.969159 -0.0303898 -0.144532 0.377015 0.00775388 -0.221714 0.00983612 0.975031
1295406.969207 -0.0314883 -0.143086 0.377199 0.00828052 -0.224229 0.00885807 0.974461
1295406.969239 -0.032155 -0.143069 0.37793 0.0084286 -0.227395 0.00850819 0.973729
1295406.969271 -0.0330852 -0.141227 0.378212 0.00951214 -0.230307 0.00799607 0.973039
1295406.969303 -0.0338625 -0.139757 0.37795 0.0104736 -0.232608 0.00743504 0.972486
1295406.969335 -0.0349445 -0.138404 0.377516 0.0113969 -0.234652 0.0063466 0.971992
1295406.969367 -0.0371539 -0.136854 0.377286 0.0123748 -0.236132 0.00598689 0.971624
1295406.969399 -0.0375649 -0.138369 0.37776 0.012182 -0.238258 0.00486207 0.971113
1295406.969431 -0.0372303 -0.13874 0.378007 0.0124867 -0.240597 0.00506387 0.970532
1295406.969463 -0.0379844 -0.139074 0.377016 0.0127765 -0.242072 0.00493653 0.970162
1295406.969495 -0.0380694 -0.138686 0.376508 0.0134527 -0.243972 0.00472649 0.969677
1295406.969527 -0.0384243 -0.137499 0.376285 0.0140886 -0.245601 0.00448492 0.969258
1295406.969559 -0.0388259 -0.137432 0.375893 0.01426 -0.246491 0.00430341 0.969031
1295406.969607 -0.0383923 -0.137404 0.375807 0.0146146 -0.247859 0.00441471 0.968676
1295406.969639 -0.0377914 -0.137631 0.376788 0.0140822 -0.249197 0.00510136 0.968337
1295406.969671 -0.0378693 -0.138354 0.377681 0.0132518 -0.249828 0.00559311 0.968183
1295406.969703 -0.0384752 -0.139868 0.378427 0.0123339 -0.250327 0.0058801 0.968065
1295406.969735 -0.0399395 -0.139617 0.377284 0.0120416 -0.250688 0.00611845 0.967974
1295406.969767 -0.0412578 -0.139684 0.376928 0.0113703 -0.251297 0.00612201 0.967824
1295406.969799 -0.0417126 -0.138018 0.3767 0.0115901 -0.252133 0.00603484 0.967604
1295406.969831 -0.0410679 -0.136191 0.376555 0.0124924 -0.252832 0.00600625 0.967411
1295406.969863 -0.040763 -0.1349 0.376386 0.0126268 -0.253986 0.00626648 0.967105
1295406.969895 -0.0410621 -0.134354 0.375939 0.0131781 -0.253556 0.006413 0.96721
1295406.969976 -0.0395441 -0.133566 0.376849 0.0119336 -0.256786 0.00673666 0.966371
1295406.970036 -0.040841 -0.132786 0.376056 0.0103939 -0.259748 0.00496491 0.965608
1295406.970068 -0.0405899 -0.13174 0.37538 0.0104359 -0.260866 0.00448657 0.965308
1295406.970100 -0.0401196 -0.130474 0.374487 0.0106056 -0.261384 0.00453135 0.965166
1295406.970132 -0.0378454 -0.125068 0.372717 0.012176 -0.262457 0.00569641 0.96485
1295406.970164 -0.0378689 -0.125057 0.37218 0.011793 -0.263438 0.00479147 0.964592
1295406.970196 -0.0363941 -0.124299 0.372932 0.0115291 -0.264779 0.00494025 0.964227
1295406.970228 -0.0371881 -0.124668 0.371443 0.0109876 -0.265012 0.00455757 0.964172
1295406.970260 -0.0380225 -0.124164 0.370391 0.010889 -0.265832 0.00389111 0.96395
1295406.970308 -0.0381223 -0.124495 0.369105 0.0102905 -0.266869 0.00371895 0.963671
1295406.970340 -0.0372895 -0.123118 0.366852 0.0105742 -0.268558 0.00363962 0.963199
1295406.970372 -0.0366679 -0.12211 0.365315 0.0107392 -0.269716 0.00371559 0.962873
1295406.970404 -0.0351091 -0.11934 0.362429 0.0124821 -0.27019 0.00380181 0.962719
1295406.970436 -0.0338396 -0.119504 0.360659 0.0123718 -0.270452 0.00391654 0.962646
1295406.970468 -0.0336835 -0.119208 0.358087 0.0125449 -0.269708 0.00363063 0.962854
1295406.970500 -0.0348757 -0.117856 0.355294 0.0128176 -0.268752 0.00304877 0.963119
1295406.970532 -0.035035 -0.117852 0.354408 0.0114305 -0.268964 0.00276329 0.963078
1295406.970564 -0.0347689 -0.115836 0.353752 0.0102955 -0.269453 0.00255355 0.962955
1295406.970596 -0.034761 -0.113685 0.353232 0.00969069 -0.269559 0.00259698 0.962932
1295406.970628 -0.034526 -0.112954 0.352847 0.00792435 -0.270088 0.00184453 0.962801
1295406.970660 -0.0339961 -0.111168 0.352349 0.00655765 -0.270459 0.00140246 0.962708
1295406.970708 -0.032424 -0.10802 0.352345 0.00539081 -0.270768 0.00145553 0.962629
1295406.970740 -0.0317637 -0.106343 0.352486 0.00334981 -0.270554 0.00140622 0.962698
1295406.970772 -0.0323381 -0.105998 0.352677 0.00058263 -0.269623 0.000695024 0.962966
1295406.970804 -0.0323978 -0.104267 0.352856 -0.0016297 -0.268647 0.00127196 0.963236
1295406.970836 -0.0318312 -0.102781 0.353999 -0.00355583 -0.268631 0.00118624 0.963236
1295406.970868 -0.0310537 -0.100608 0.354147 -0.00539115 -0.268727 0.00162497 0.9632
1295406.970900 -0.0312591 -0.0998026 0.354217 -0.00802024 -0.268766 0.00142643 0.963171
1295406.970932 -0.0316746 -0.0978477 0.353735 -0.00983345 -0.268945 0.00119356 0.963104
1295406.970964 -0.0318137 -0.0970417 0.353454 -0.0116586 -0.26937 0.000619591 0.962966
1295406.970996 -0.0310749 -0.0954415 0.35308 -0.013145 -0.270066 0.000280315 0.962752
1295406.971028 -0.0302155 -0.093883 0.352927 -0.0127074 -0.269964 0.000768215 0.962786
1295406.971161 -0.0311604 -0.0910199 0.351602 -0.0153829 -0.270955 -0.000359671 0.962469
1295406.971228 -0.0332333 -0.0880911 0.34846 -0.021754 -0.275546 -0.00302072 0.961037
1295406.971276 -0.0353698 -0.0891035 0.346675 -0.0231576 -0.276138 -0.00400876 0.960831
1295406.971308 -0.0374192 -0.0875842 0.345153 -0.0236084 -0.276799 -0.004431 0.960628
1295406.971340 -0.0381772 -0.0855233 0.345258 -0.0240174 -0.277792 -0.00459289 0.96033
1295406.971372 -0.0381695 -0.0846316 0.344784 -0.0238153 -0.278244 -0.00517332 0.960201
1295406.971404 -0.039 -0.0838221 0.343641 -0.0239617 -0.278043 -0.00590764 0.960252
1295406.971436 -0.0384557 -0.0819982 0.343226 -0.0237165 -0.279201 -0.00554125 0.959924
1295406.971468 -0.0379168 -0.0810087 0.341833 -0.0236767 -0.280456 -0.00515933 0.959561
1295406.971500 -0.0363675 -0.073461 0.340492 -0.0205661 -0.282015 -0.00377827 0.959182
1295406.971532 -0.035726 -0.0741487 0.340354 -0.0211218 -0.283199 -0.00426682 0.958819
1295406.971564 -0.0351643 -0.0734964 0.33978 -0.0211117 -0.28353 -0.00420933 0.958722
1295406.971596 -0.0352122 -0.073399 0.338115 -0.0206328 -0.282825 -0.00415646 0.95894
1295406.971628 -0.0357183 -0.0737457 0.337196 -0.021184 -0.282118 -0.00445854 0.959136
1295406.971676 -0.0360159 -0.0734806 0.336918 -0.0213586 -0.282362 -0.00433231 0.95906
1295406.971708 -0.0358184 -0.073846 0.337019 -0.0220676 -0.282841 -0.00461579 0.958902
1295406.971740 -0.0356566 -0.0725425 0.336892 -0.0220362 -0.283266 -0.00445433 0.958778
1295406.971772 -0.0355808 -0.0717708 0.336465 -0.0223102 -0.283688 -0.00477937 0.958645
1295406.971804 -0.0362356 -0.0696332 0.334985 -0.0221765 -0.284034 -0.0039225 0.95855
1295406.971836 -0.0363999 -0.0690191 0.33486 -0.0224621 -0.285203 -0.00380438 0.958196
1295406.971868 -0.0364418 -0.0653111 0.33308 -0.0215628 -0.286212 -0.00281798 0.957919
1295406.971900 -0.0355404 -0.0639545 0.333417 -0.0221158 -0.2885 -0.00280347 0.95722
1295406.971932 -0.0358305 -0.0617968 0.332436 -0.021782 -0.290333 -0.00315311 0.956673
1295406.971964 -0.0352192 -0.0624122 0.331981 -0.022387 -0.292106 -0.00455677 0.956113
1295406.971996 -0.035933 -0.0605255 0.329793 -0.0219777 -0.292806 -0.00488572 0.955907
1295406.972028 -0.0365534 -0.0606039 0.328548 -0.0232486 -0.293852 -0.00528082 0.955554
1295406.972076 -0.036602 -0.0598191 0.328151 -0.02385 -0.295892 -0.00615571 0.954904
1295406.972108 -0.0369536 -0.0587921 0.327426 -0.0247467 -0.297641 -0.00665705 0.954334
1295406.972140 -0.0367731 -0.0581417 0.327114 -0.025417 -0.299413 -0.00837312 0.953748
1295406.972172 -0.0375355 -0.056669 0.325746 -0.0258167 -0.300283 -0.00950928 0.953453
1295406.972204 -0.0379771 -0.0557168 0.324617 -0.0264972 -0.301329 -0.0107105 0.953092
1295406.972236 -0.0394282 -0.0543965 0.321736 -0.0269277 -0.301694 -0.0117725 0.952952
1295406.972268 -0.0398065 -0.0534518 0.320383 -0.0275508 -0.303116 -0.013371 0.952461
1295406.972300 -0.0412524 -0.0519408 0.318654 -0.0281261 -0.303673 -0.0144845 0.952251
1295406.972332 -0.0412997 -0.0514973 0.317428 -0.0288258 -0.304322 -0.0159361 0.951999
1295406.972364 -0.0428277 -0.0499553 0.314628 -0.0291829 -0.303935 -0.0171856 0.952091
1295406.972396 -0.0436641 -0.0503272 0.313612 -0.0304892 -0.303964 -0.0178944 0.952027
1295406.972444 -0.0454375 -0.0480483 0.310264 -0.0298726 -0.3033 -0.0190485 0.952236
1295406.972476 -0.0469984 -0.0469959 0.307538 -0.0305911 -0.303128 -0.0194352 0.95226
1295406.972507 -0.0456981 -0.0455716 0.305636 -0.0302406 -0.303991 -0.0199226 0.951986
1295406.972540 -0.0453553 -0.0448311 0.303811 -0.0304837 -0.30406 -0.019718 0.951961
1295406.972572 -0.0461838 -0.0438673 0.300131 -0.0305387 -0.302723 -0.020039 0.952378
1295406.972604 -0.0457848 -0.0420661 0.297513 -0.0302675 -0.301948 -0.0197227 0.95264
1295406.972636 -0.0452716 -0.0400128 0.294744 -0.0298509 -0.301056 -0.0189074 0.952951
1295406.972668 -0.0448959 -0.0387997 0.291635 -0.0296839 -0.300448 -0.0182417 0.953162
1295406.972700 -0.0433352 -0.0371437 0.289802 -0.0296946 -0.300913 -0.0172344 0.953033
1295406.972732 -0.0434802 -0.038123 0.2874 -0.0313067 -0.300437 -0.0166393 0.953142
1295406.972764 -0.0427146 -0.0386131 0.285641 -0.032666 -0.300062 -0.0158413 0.953229
1295406.972796 -0.0415558 -0.038875 0.284246 -0.0339451 -0.299711 -0.0149525 0.953309
1295406.972844 -0.0400441 -0.0368972 0.282885 -0.0339932 -0.299455 -0.0139508 0.953403
1295406.972876 -0.0384695 -0.0370286 0.281604 -0.0353538 -0.298637 -0.0130721 0.953622
1295406.972908 -0.0371754 -0.0350816 0.280059 -0.0361131 -0.297719 -0.0112157 0.953904
1295406.972940 -0.0364756 -0.0335631 0.278576 -0.0371367 -0.296967 -0.00945634 0.954118
1295406.972972 -0.0353103 -0.0321856 0.277548 -0.0382636 -0.296969 -0.0081857 0.954085
1295406.973004 -0.0346486 -0.0306351 0.276266 -0.0392581 -0.296728 -0.00717893 0.954128
1295406.973036 -0.034425 -0.0317411 0.27483 -0.0411765 -0.296466 -0.00638345 0.954134
1295406.973068 -0.0355124 -0.033184 0.272248 -0.041643 -0.29543 -0.00703703 0.95443
1295406.973100 -0.0349111 -0.0305638 0.269724 -0.0403336 -0.296422 -0.00627361 0.954184
1295406.973132 -0.0345461 -0.0292916 0.267489 -0.0396451 -0.298254 -0.00546938 0.953647
1295406.973164 -0.0336353 -0.0301138 0.266484 -0.0402487 -0.301241 -0.0058539 0.95268
1295406.973196 -0.03299 -0.0291522 0.263834 -0.0391703 -0.303319 -0.00639321 0.952062
1295406.973243 -0.0329893 -0.0291923 0.26099 -0.0384531 -0.304514 -0.0075992 0.951701
1295406.973276 -0.0324325 -0.0288363 0.258208 -0.0377382 -0.305158 -0.00884058 0.951513
1295406.973308 -0.0311366 -0.0295318 0.257132 -0.0381378 -0.306417 -0.00966674 0.951084
1295406.973340 -0.0313874 -0.0281185 0.254114 -0.0370646 -0.306245 -0.00990936 0.951179
1295406.973372 -0.0310744 -0.0294727 0.252784 -0.0376077 -0.306579 -0.0106707 0.951042
1295406.973404 -0.0308629 -0.0316995 0.250953 -0.0385633 -0.306651 -0.0111761 0.950975
1295406.973436 -0.0310045 -0.0322997 0.247772 -0.0385459 -0.306254 -0.0124037 0.951088
1295406.973468 -0.031748 -0.0326124 0.244806 -0.0386701 -0.305166 -0.0129772 0.951425
1295406.973500 -0.0305882 -0.0296146 0.242914 -0.0375732 -0.304741 -0.0130758 0.951604
1295406.973532 -0.0294501 -0.0277894 0.240985 -0.0372019 -0.303996 -0.0130549 0.951857
1295406.973564 -0.0284399 -0.0259412 0.239335 -0.0368336 -0.303334 -0.0131748 0.952081
1295406.973612 -0.0275014 -0.0252855 0.238832 -0.0371155 -0.302978 -0.013053 0.952185
1295406.973644 -0.0270948 -0.0245336 0.236758 -0.0374794 -0.302327 -0.0126164 0.952384
1295406.973675 -0.0285721 -0.0242447 0.234173 -0.038313 -0.301513 -0.0119787 0.952617
1295406.973708 -0.0284292 -0.0263933 0.23359 -0.0402776 -0.30205 -0.0123583 0.952361
1295406.973740 -0.028235 -0.0262138 0.233024 -0.0411893 -0.302428 -0.0124521 0.9522
1295406.973772 -0.0283418 -0.024066 0.232154 -0.0411495 -0.302541 -0.0122343 0.952169
1295406.973804 -0.0289317 -0.0249153 0.231341 -0.042695 -0.301628 -0.0126529 0.952385
1295406.973836 -0.0282674 -0.0231159 0.229828 -0.0424557 -0.300949 -0.0126692 0.95261
1295406.973868 -0.0282287 -0.0208735 0.228574 -0.0422293 -0.299473 -0.012005 0.953094
1295406.973900 -0.0282912 -0.0208079 0.227256 -0.0431491 -0.298099 -0.0115435 0.953489
1295406.973932 -0.02867 -0.0214458 0.22615 -0.0435976 -0.296585 -0.0117865 0.953938
1295406.973964 -0.0292304 -0.0202138 0.224466 -0.0436913 -0.295204 -0.0111597 0.95437
1295406.974011 -0.0285218 -0.0181224 0.223763 -0.0434771 -0.294835 -0.0108816 0.954497
1295406.974044 -0.0288851 -0.0190684 0.223006 -0.0451977 -0.294372 -0.0107686 0.954561
1295406.974076 -0.0293174 -0.0183095 0.221988 -0.0455985 -0.293936 -0.010632 0.954678
1295406.974107 -0.0292763 -0.0167713 0.221742 -0.0455643 -0.293666 -0.0105966 0.954763
1295406.974140 -0.0305634 -0.0181747 0.221792 -0.0475735 -0.293225 -0.0106373 0.9548
1295406.974171 -0.0310794 -0.0166862 0.22143 -0.0482764 -0.293276 -0.0108077 0.954747
1295406.974204 -0.0326661 -0.0135789 0.22021 -0.0477429 -0.292947 -0.0109916 0.954873
1295406.974236 -0.0328945 -0.01247 0.220812 -0.0488973 -0.293551 -0.0113251 0.954625
1295406.974268 -0.0338912 -0.0113031 0.220715 -0.0499473 -0.293529 -0.0115031 0.954575
1295406.974300 -0.0357239 -0.0104719 0.219861 -0.0507888 -0.293418 -0.011582 0.954564
1295406.974332 -0.0371295 -0.0096154 0.219146 -0.0518837 -0.293723 -0.0117253 0.954409
1295406.974364 -0.038229 -0.00713656 0.218861 -0.0525896 -0.294536 -0.0117664 0.95412
1295406.974411 -0.0398665 -0.00643746 0.219203 -0.0536484 -0.294047 -0.012535 0.954202
1295406.974443 -0.0416762 -0.00493169 0.219055 -0.0551205 -0.292593 -0.0132458 0.954555
1295406.974476 -0.0420622 -0.00147704 0.218541 -0.0551393 -0.291041 -0.0133074 0.955028
1295406.974507 -0.0429394 -0.000698933 0.219269 -0.0571535 -0.289663 -0.0137393 0.955322
1295406.974540 -0.0441769 0.000723145 0.21913 -0.0589395 -0.288906 -0.0126475 0.955458
1295406.974571 -0.044376 0.00469352 0.218938 -0.0592838 -0.289622 -0.0114179 0.955235
1295406.974604 -0.0452934 0.00593246 0.219481 -0.0610161 -0.290601 -0.0116461 0.954826
1295406.974635 -0.0471898 0.00612274 0.218423 -0.0623639 -0.290634 -0.0119706 0.954725
1295406.974668 -0.0477441 0.00760861 0.21754 -0.062825 -0.291696 -0.0119011 0.954371
1295406.974699 -0.0472203 0.00951079 0.2171 -0.0624301 -0.293063 -0.0118702 0.953979
1295406.974732 -0.0472812 0.0118937 0.215133 -0.0621588 -0.292743 -0.0116517 0.954098
1295406.974779 -0.0479043 0.0114527 0.214301 -0.0627855 -0.292599 -0.0117609 0.954099
1295406.974811 -0.047976 0.0116382 0.213322 -0.0633314 -0.292732 -0.0110732 0.954031
1295406.974843 -0.0471723 0.0135882 0.212464 -0.0635033 -0.292813 -0.00942257 0.954012
1295406.974875 -0.0467661 0.013225 0.211691 -0.0650856 -0.293 -0.00766377 0.953864
1295406.974907 -0.0445081 0.0133112 0.212215 -0.0664477 -0.294326 -0.00621606 0.953372
1295406.974939 -0.0433494 0.0128884 0.212566 -0.0676139 -0.294477 -0.00479335 0.953252
1295406.974971 -0.0423384 0.0133313 0.211986 -0.068779 -0.294556 -0.00297101 0.953151
1295406.975003 -0.0420976 0.0151768 0.210931 -0.069242 -0.294613 -0.000911128 0.953104
1295406.975036 -0.0405918 0.0153601 0.210737 -0.070546 -0.295307 0.000845478 0.952794
1295406.975067 -0.0396982 0.0150602 0.209977 -0.0713562 -0.295955 0.00184344 0.952531
1295406.975100 -0.0391125 0.0171313 0.208107 -0.0715646 -0.296482 0.00363088 0.952346
1295406.975132 -0.0377751 0.0170319 0.207495 -0.0728944 -0.297333 0.00453559 0.951976
1295406.975180 -0.03717 0.0188894 0.205747 -0.0732029 -0.297723 0.00578627 0.951824
1295406.975211 -0.0370311 0.0178733 0.204677 -0.0748143 -0.298085 0.00585449 0.951585
1295406.975243 -0.0370478 0.0172578 0.20356 -0.0763853 -0.298375 0.00599081 0.951369
1295406.975275 -0.0369906 0.0191234 0.202141 -0.0769568 -0.298757 0.00714873 0.951195
1295406.975308 -0.036523 0.0191387 0.200995 -0.078248 -0.299925 0.00743198 0.950719
1295406.975339 -0.035789 0.0222377 0.199027 -0.0777917 -0.300557 0.00814599 0.950551
1295406.975372 -0.034316 0.0219659 0.199025 -0.0789398 -0.301543 0.00721735 0.950152
1295406.975403 -0.034362 0.0232951 0.196857 -0.0793303 -0.301061 0.00727536 0.950271
1295406.975436 -0.0341583 0.0227891 0.196047 -0.0807239 -0.300659 0.00679398 0.950285
1295406.975467 -0.0327986 0.0243474 0.195582 -0.0811271 -0.300599 0.00696086 0.950268
1295406.975499 -0.0317117 0.0254213 0.194863 -0.0816313 -0.300424 0.00658488 0.950283
1295406.975531 -0.0308831 0.0248483 0.194059 -0.0830505 -0.300016 0.00605692 0.950293
1295406.975579 -0.0295665 0.0274809 0.192974 -0.0831383 -0.299731 0.00647317 0.950372
1295406.975611 -0.0299503 0.0269105 0.192037 -0.0846829 -0.298902 0.00615847 0.950499
1295406.975643 -0.0285945 0.0302902 0.190374 -0.0847073 -0.298682 0.00727363 0.950558
1295406.975675 -0.029124 0.0304048 0.188997 -0.0858056 -0.298047 0.00698772 0.950661
1295406.975707 -0.0269647 0.0347689 0.188715 -0.0857682 -0.29832 0.00790545 0.950572
1295406.975739 -0.027415 0.0351647 0.187834 -0.086798 -0.297574 0.00792456 0.950712
1295406.975771 -0.0282461 0.035743 0.185875 -0.0878885 -0.296934 0.00825373 0.950809
1295406.975803 -0.0275299 0.0354339 0.186087 -0.0895667 -0.29752 0.0082598 0.950469
1295406.975906 -0.0277285 0.0365708 0.185076 -0.09059 -0.297259 0.0088861 0.950448
1295406.975921 -0.0264 0.0381026 0.185196 -0.0914064 -0.297467 0.00908271 0.950303
1295406.975971 -0.0250463 0.0442445 0.183358 -0.0940475 -0.296439 0.0113873 0.950342
1295406.976003 -0.0254735 0.0449196 0.182633 -0.0952836 -0.296121 0.0116766 0.950314
1295406.976035 -0.0250328 0.0454847 0.182475 -0.0963652 -0.295943 0.0116647 0.950261
1295406.976067 -0.0240013 0.0465026 0.182607 -0.0972999 -0.296022 0.0115114 0.950143
1295406.976099 -0.0221025 0.0477927 0.183109 -0.0982307 -0.296235 0.0118677 0.949976
1295406.976147 -0.0215943 0.0528645 0.181358 -0.0977898 -0.295494 0.0129298 0.950238
1295406.976180 -0.0220141 0.0533548 0.180935 -0.0990263 -0.294703 0.0125857 0.950361
1295406.976211 -0.0217602 0.0551401 0.180279 -0.099322 -0.294314 0.0125449 0.950451
1295406.976243 -0.02238 0.0554634 0.178925 -0.100295 -0.293565 0.012107 0.950586
1295406.976275 -0.024625 0.0567647 0.175777 -0.100616 -0.292356 0.0119325 0.950927
1295406.976307 -0.0244469 0.0596335 0.174388 -0.100218 -0.291916 0.011839 0.951105
1295406.976339 -0.0244434 0.0605215 0.173331 -0.100491 -0.291346 0.0110404 0.951261
1295406.976371 -0.0234937 0.0611158 0.172477 -0.10057 -0.291119 0.0105965 0.951327
1295406.976403 -0.0239875 0.0625616 0.169775 -0.100861 -0.289615 0.010478 0.951756
1295406.976435 -0.0232622 0.0652661 0.167926 -0.100443 -0.288821 0.0103818 0.952043
1295406.976467 -0.023248 0.0649564 0.167236 -0.101743 -0.28742 0.00993387 0.952334
1295406.976499 -0.023302 0.0654463 0.165951 -0.102793 -0.285998 0.00952237 0.952653
1295406.976547 -0.0231377 0.0651003 0.164785 -0.104189 -0.284709 0.00917516 0.952891
1295406.976579 -0.0223022 0.0696556 0.162414 -0.103987 -0.283721 0.00994216 0.9532
1295406.976611 -0.0224563 0.0690157 0.161515 -0.105594 -0.282353 0.00940469 0.953435
1295406.976643 -0.0224227 0.0683861 0.160604 -0.107299 -0.280675 0.0089601 0.953744
1295406.976675 -0.0221239 0.0677681 0.159716 -0.10894 -0.278433 0.00822143 0.954222
1295406.976707 -0.0211978 0.0687594 0.158723 -0.11037 -0.276477 0.00838314 0.954625
1295406.976739 -0.0213716 0.0714066 0.156067 -0.111052 -0.274035 0.0085935 0.955248
1295406.976771 -0.0200011 0.0712805 0.155712 -0.112825 -0.272413 0.00864267 0.955504
1295406.976803 -0.0196886 0.0733782 0.153995 -0.113881 -0.27031 0.00883584 0.955974
1295406.976835 -0.0193073 0.0714572 0.153771 -0.116268 -0.268236 0.00816492 0.956276
1295406.976867 -0.0190997 0.0739026 0.152005 -0.117104 -0.26598 0.00787193 0.956807
1295406.976941 -0.0190174 0.0768652 0.150821 -0.118682 -0.261821 0.00851332 0.957753
1295406.976954 -0.0183471 0.0735578 0.14971 -0.119804 -0.261449 0.00811216 0.957719
1295406.976979 -0.0175229 0.0749526 0.148222 -0.120327 -0.259268 0.00786926 0.958248
1295406.977011 -0.0160198 0.0760803 0.147032 -0.120675 -0.257446 0.00849465 0.95869
1295406.977043 -0.0146751 0.0774169 0.145811 -0.12101 -0.25567 0.00913654 0.959117
1295406.977075 -0.0144216 0.0768578 0.144562 -0.122049 -0.253868 0.00824421 0.959472
1295406.977107 -0.0132732 0.0776398 0.143863 -0.122443 -0.25214 0.00855216 0.959875
1295406.977139 -0.013595 0.0785888 0.142103 -0.122969 -0.249654 0.00777058 0.960464
1295406.977171 -0.0135096 0.0786934 0.140469 -0.123344 -0.24721 0.00726506 0.961052
1295406.977203 -0.0137975 0.0786792 0.138887 -0.12386 -0.244692 0.00691429 0.961632
1295406.977235 -0.0134028 0.0778786 0.137687 -0.124655 -0.243056 0.0064801 0.961947
1295406.977267 -0.012408 0.0825412 0.136282 -0.123703 -0.241952 0.00721822 0.962343
1295406.977315 -0.0132968 0.0813335 0.136104 -0.125353 -0.240374 0.00670902 0.962529
1295406.977347 -0.0138531 0.0821192 0.135401 -0.126255 -0.238965 0.00644278 0.962764
1295406.977379 -0.0138644 0.0854172 0.134123 -0.125802 -0.237648 0.00654294 0.963148
1295406.977411 -0.0154846 0.0821269 0.134338 -0.127961 -0.23578 0.00559221 0.963329
1295406.977443 -0.0154665 0.0821544 0.13417 -0.12851 -0.234666 0.00538772 0.963529
1295406.977475 -0.0157446 0.0830551 0.133596 -0.128613 -0.233342 0.00492035 0.963839
1295406.977507 -0.0170144 0.0837564 0.131904 -0.128652 -0.231214 0.00449769 0.964349
1295406.977539 -0.0170087 0.0846212 0.130942 -0.128545 -0.229764 0.00452228 0.964709
1295406.977571 -0.0174299 0.0854566 0.130151 -0.128634 -0.228294 0.00467967 0.965046
1295406.977603 -0.0175184 0.0864298 0.128598 -0.128531 -0.227134 0.00523464 0.96533
1295406.977635 -0.0173022 0.0884848 0.12696 -0.128042 -0.226041 0.00633572 0.965645
1295406.977667 -0.0181853 0.0879297 0.124998 -0.128626 -0.224653 0.00616369 0.965892
1295406.977715 -0.0187223 0.0874629 0.123441 -0.129189 -0.223743 0.00624268 0.966028
1295406.977747 -0.0162162 0.0903701 0.122005 -0.128292 -0.223826 0.00786447 0.966116
1295406.977779 -0.0156963 0.0926144 0.119581 -0.127596 -0.222876 0.008473 0.966423
1295406.977811 -0.0136234 0.0950148 0.118195 -0.127102 -0.222351 0.00905787 0.966604
1295406.977843 -0.0147055 0.09508 0.115309 -0.127347 -0.220448 0.00896106 0.967008
1295406.977875 -0.0138078 0.0989656 0.112372 -0.126723 -0.21948 0.00985142 0.967302
1295406.977907 -0.0142297 0.0993287 0.110141 -0.127704 -0.21819 0.00972168 0.967466
1295406.977939 -0.0147099 0.10354 0.107084 -0.127671 -0.217546 0.0105332 0.967607
1295406.977971 -0.0143552 0.103866 0.106425 -0.129629 -0.217884 0.0103444 0.967273
1295406.978003 -0.0141266 0.10484 0.10507 -0.131108 -0.217921 0.0110233 0.967057
1295406.978035 -0.0145113 0.108092 0.102014 -0.131483 -0.217351 0.0111839 0.967133
1295406.978083 -0.0140467 0.107347 0.100859 -0.133115 -0.216919 0.01057 0.967013
1295406.978115 -0.0130946 0.108482 0.0979417 -0.13369 -0.215962 0.0106002 0.967148
1295406.978147 -0.0123436 0.110515 0.0950369 -0.133969 -0.214587 0.0109659 0.967411
1295406.978180 -0.011399 0.111029 0.092389 -0.13492 -0.21326 0.0111028 0.967571
1295406.978211 -0.00963611 0.11304 0.0893784 -0.135173 -0.21219 0.0117268 0.967763
1295406.978243 -0.00787006 0.114369 0.0866586 -0.135711 -0.211137 0.0122854 0.967911
1295406.978275 -0.00619911 0.117104 0.0829963 -0.135553 -0.209925 0.0129744 0.968188
1295406.978307 -0.0062979 0.115615 0.0799306 -0.136632 -0.208264 0.012778 0.968398
1295406.978339 -0.00438403 0.115084 0.0768642 -0.13727 -0.20735 0.0129763 0.968501
1295406.978371 -0.00200676 0.11865 0.0731268 -0.136688 -0.206781 0.0136165 0.968696
1295406.978403 -0.0018239 0.117859 0.0700223 -0.13753 -0.205215 0.0137981 0.968908
1295406.978435 -0.00118093 0.117297 0.0674059 -0.138885 -0.203678 0.0133448 0.969045
1295406.978483 0.000280687 0.118832 0.0644269 -0.139333 -0.202582 0.0133196 0.969211
1295406.978515 -0.000264428 0.118753 0.0615842 -0.140719 -0.200912 0.0128978 0.969364
1295406.978547 0.000533817 0.121985 0.0580278 -0.141025 -0.199863 0.0131065 0.969533
1295406.978579 0.001622 0.121944 0.0559477 -0.142356 -0.199472 0.0128734 0.969423
1295406.978611 0.000707411 0.125098 0.0527497 -0.142865 -0.197861 0.0128786 0.969678
1295406.978643 0.000943247 0.125516 0.0501614 -0.144018 -0.196634 0.0128975 0.969756
1295406.978675 0.000363528 0.127903 0.0478628 -0.145053 -0.195126 0.0128249 0.969908
1295406.978707 0.00127174 0.129284 0.0468078 -0.146705 -0.194778 0.0127606 0.96973
1295406.978739 0.00181331 0.131028 0.0454443 -0.148228 -0.194255 0.0130328 0.9696
1295406.978771 0.00292129 0.13303 0.0443477 -0.149527 -0.1941 0.0131445 0.96943
1295406.978803 0.00263768 0.135333 0.0424171 -0.150643 -0.192953 0.0132275 0.969485
1295406.978835 0.00360119 0.134281 0.041771 -0.15274 -0.192732 0.0131191 0.969202
1295406.978883 0.00310905 0.136557 0.0404447 -0.153911 -0.192066 0.0131045 0.969149
1295406.978915 0.00171765 0.138454 0.0386324 -0.155262 -0.191243 0.0130135 0.969098
1295406.978947 0.00164007 0.14148 0.0365254 -0.155658 -0.191408 0.0132044 0.968999
1295406.978979 -4.32779e-05 0.142102 0.0354319 -0.157105 -0.191379 0.0124701 0.968781
1295406.979011 -0.000550041 0.142581 0.0339075 -0.158228 -0.191539 0.0123531 0.968568
1295406.979043 -0.00104841 0.143957 0.0317715 -0.158343 -0.191975 0.0118581 0.968469
1295406.979075 -2.37174e-05 0.143976 0.0301381 -0.158746 -0.192694 0.0115514 0.968264
1295406.979107 0.00039836 0.143892 0.028809 -0.15908 -0.193173 0.0112651 0.968117
1295406.979139 0.000700229 0.14467 0.0272265 -0.158922 -0.193533 0.010935 0.968075
1295406.979171 9.90985e-05 0.14447 0.0256386 -0.159419 -0.193296 0.010793 0.968042
1295406.979203 0.000107051 0.145176 0.0242618 -0.159427 -0.192875 0.0109046 0.968124
1295406.979251 0.00103905 0.144241 0.0212159 -0.159154 -0.192164 0.0103556 0.968316
1295406.979283 0.000857977 0.145761 0.018518 -0.158195 -0.190883 0.0104792 0.968725
1295406.979315 0.00157731 0.145531 0.0176249 -0.158002 -0.189674 0.0102178 0.968997
1295406.979347 0.00245047 0.145746 0.0158143 -0.1573 -0.188467 0.0103859 0.969345
1295406.979379 0.00410394 0.144144 0.0131149 -0.156671 -0.187657 0.0103188 0.969604
1295406.979411 0.00331797 0.144679 0.00939336 -0.155225 -0.185717 0.0106564 0.970207
1295406.979443 0.00498925 0.143826 0.0079368 -0.154095 -0.18496 0.0103628 0.970534
1295406.979475 0.00424327 0.142639 0.0056852 -0.153112 -0.183346 0.0103185 0.970997
1295406.979507 0.00398529 0.141811 0.00412244 -0.152052 -0.182383 0.0103971 0.971344
1295406.979539 0.00444296 0.141175 0.00244769 -0.150549 -0.181881 0.010528 0.97167
1295406.979571 0.00542647 0.13932 0.000609923 -0.148779 -0.18155 0.0106267 0.972004
1295406.979603 0.00492539 0.137214 -0.00151493 -0.146964 -0.18035 0.0101701 0.972508
1295406.979651 0.00688663 0.13407 -0.00448348 -0.145037 -0.179727 0.0103792 0.972911
1295406.979687 0.00637445 0.130682 -0.0102604 -0.139219 -0.176143 0.010776 0.97441
1295406.979715 0.00857286 0.129911 -0.0103706 -0.139174 -0.176505 0.0106484 0.974353
1295406.979747 0.00779421 0.128685 -0.0150242 -0.135343 -0.174507 0.0111702 0.975246
1295406.979779 0.0102474 0.127349 -0.0179378 -0.131506 -0.174078 0.0119602 0.975838
1295406.979811 0.0107933 0.124875 -0.0218579 -0.128123 -0.172955 0.0124083 0.976482
1295406.979843 0.0109956 0.12354 -0.0262919 -0.123956 -0.171638 0.0126576 0.977249
1295406.979875 0.0110467 0.121652 -0.0305194 -0.120001 -0.170369 0.0127878 0.977962
1295406.979907 0.0136509 0.119253 -0.0352847 -0.116132 -0.170077 0.0129778 0.978478
1295406.979939 0.0149112 0.117958 -0.0398039 -0.111952 -0.169535 0.0132931 0.979055
1295406.979971 0.016018 0.114945 -0.0432908 -0.108432 -0.169329 0.013296 0.979486
1295406.980003 0.0158469 0.113297 -0.0467241 -0.105395 -0.168383 0.0132022 0.979982
1295406.980051 0.0169834 0.109921 -0.0485677 -0.103334 -0.168211 0.0130693 0.980233
1295406.980083 0.0165281 0.104975 -0.0503298 -0.102217 -0.167456 0.0127841 0.980483
1295406.980115 0.0172957 0.105601 -0.0535787 -0.0990244 -0.166623 0.0129657 0.98095
1295406.980147 0.0182435 0.103382 -0.0562853 -0.0970682 -0.16569 0.0128596 0.981305
1295406.980180 0.0191392 0.101214 -0.0578706 -0.0953269 -0.164655 0.0129292 0.981649
1295406.980211 0.019402 0.09891 -0.0595664 -0.0937151 -0.163146 0.0123612 0.982063
1295406.980243 0.0198898 0.0974487 -0.061781 -0.0919853 -0.161559 0.0125018 0.982487
1295406.980275 0.020896 0.095644 -0.0638105 -0.0903268 -0.160372 0.0131018 0.982828
1295406.980307 0.0220203 0.0938401 -0.0657681 -0.0888466 -0.158899 0.013525 0.983196
1295406.980339 0.0220732 0.0928172 -0.0676051 -0.0875914 -0.157096 0.013371 0.9836
1295406.980371 0.0226403 0.091208 -0.0692111 -0.0859269 -0.155496 0.0137097 0.983997
1295406.980419 0.0231684 0.0883658 -0.0704189 -0.0852255 -0.153539 0.0131682 0.984372
1295406.980451 0.0236182 0.0876352 -0.0723349 -0.0831637 -0.151979 0.0138526 0.984781
1295406.980483 0.0246172 0.0863563 -0.073917 -0.0816282 -0.150599 0.0144352 0.985113
1295406.980515 0.0244865 0.0852993 -0.0756801 -0.0798632 -0.148797 0.0150057 0.985523
1295406.980547 0.0238074 0.0843974 -0.0776657 -0.0778984 -0.146921 0.0149764 0.985962
1295406.980579 0.0240619 0.0830262 -0.0793383 -0.0760421 -0.145394 0.0156687 0.986323
1295406.980611 0.0245634 0.081841 -0.0813854 -0.0742456 -0.14431 0.0161617 0.986611
1295406.980643 0.0249545 0.0810082 -0.0824304 -0.0731035 -0.143355 0.0163278 0.986833
1295406.980675 0.0243431 0.0781298 -0.0833325 -0.0721154 -0.141838 0.0163969 0.987123
1295406.980707 0.0242118 0.0785105 -0.0847694 -0.070325 -0.140415 0.0162497 0.987458
1295406.980739 0.0237508 0.0776269 -0.0862471 -0.0682752 -0.138689 0.0162723 0.987846
1295406.980771 0.0247322 0.0776326 -0.0880795 -0.0662871 -0.137126 0.0160058 0.988204
1295406.980819 0.0253157 0.075325 -0.0887896 -0.0654025 -0.135706 0.0163542 0.988453
1295406.980851 0.0239778 0.0742852 -0.0901833 -0.0641408 -0.133865 0.0157702 0.988796
1295406.980883 0.024168 0.0735534 -0.0919568 -0.0620168 -0.132648 0.0159591 0.989092
1295406.980915 0.0248324 0.0720771 -0.0938524 -0.0603869 -0.131757 0.0164432 0.989304
1295406.980947 0.0242018 0.069859 -0.0952715 -0.0594446 -0.130148 0.0159894 0.989582
1295406.980979 0.0247314 0.0689714 -0.0968538 -0.0576668 -0.12892 0.0159783 0.989848
1295406.981011 0.0260367 0.0678148 -0.0985906 -0.0557418 -0.127908 0.0163659 0.990083
1295406.981043 0.0268964 0.066634 -0.100361 -0.054427 -0.126834 0.0161513 0.990298
1295406.981075 0.028072 0.0666529 -0.102242 -0.0529017 -0.12593 0.0159398 0.990499
1295406.981107 0.0279752 0.0664712 -0.10409 -0.0514673 -0.125134 0.0161507 0.990672
1295406.981139 0.0277785 0.0651493 -0.105816 -0.0503675 -0.12431 0.0160464 0.990834
1295406.981171 0.0277981 0.0630961 -0.107586 -0.049686 -0.123525 0.0158961 0.990969
1295406.981219 0.0271263 0.0616824 -0.109442 -0.0488465 -0.122619 0.0150333 0.991137
1295406.981251 0.0272747 0.0605442 -0.111421 -0.0478576 -0.12189 0.0151316 0.991274
1295406.981283 0.0294555 0.0604357 -0.11271 -0.0470424 -0.122061 0.0147252 0.991298
1295406.981315 0.0311692 0.0646055 -0.115302 -0.0444677 -0.122041 0.0147734 0.991418
1295406.981347 0.0317583 0.063255 -0.116922 -0.0441716 -0.121538 0.0144253 0.991498
1295406.981379 0.0332309 0.0647304 -0.118961 -0.0429495 -0.121211 0.0147682 0.991587
1295406.981411 0.0343718 0.0646815 -0.12085 -0.042476 -0.120685 0.0150106 0.991668
1295406.981443 0.0353321 0.0652877 -0.122358 -0.0416372 -0.11998 0.0151614 0.991787
1295406.981475 0.0351368 0.0642644 -0.123761 -0.0414055 -0.118503 0.0151268 0.991975
1295406.981507 0.0351498 0.064325 -0.125578 -0.0410717 -0.117111 0.0146699 0.992161
1295406.981539 0.0369819 0.0650102 -0.127284 -0.040406 -0.116907 0.0151948 0.992204
1295406.981587 0.0360015 0.0640333 -0.129203 -0.0399799 -0.116051 0.0153536 0.992319
1295406.981619 0.0373673 0.0639966 -0.131112 -0.0391935 -0.116543 0.0155918 0.99229
1295406.981651 0.0365616 0.0633227 -0.132574 -0.0386189 -0.116496 0.0149054 0.992328
1295406.981683 0.0622946 0.0652034 -0.113537 -0.0406332 -0.122972 0.0147048 0.991469
1295406.981715 0.0602071 0.0696483 -0.119028 -0.0368142 -0.12309 0.015716 0.991588
1295406.981747 0.0590085 0.0680112 -0.120583 -0.0366067 -0.121999 0.0150772 0.99174
1295406.981845 0.0579066 0.0660892 -0.123783 -0.0344195 -0.119066 0.0146604 0.992181
1295406.981858 0.059987 0.0645348 -0.123892 -0.0351129 -0.119671 0.0141719 0.992091
1295406.981906 0.0594185 0.0615121 -0.129532 -0.0307421 -0.1184 0.0141328 0.992389
1295406.981954 0.0589882 0.05926 -0.131307 -0.0295494 -0.118599 0.0138924 0.992405
1295406.981986 0.0597899 0.0606425 -0.134165 -0.0268835 -0.118783 0.0138801 0.992459
1295406.982018 0.0587038 0.0566205 -0.13586 -0.0257377 -0.117887 0.0131959 0.992606
1295406.982050 0.0579246 0.0551535 -0.138237 -0.0237441 -0.116954 0.0129617 0.992769
1295406.982082 0.057874 0.0539435 -0.140277 -0.0220535 -0.11627 0.0128822 0.992889
1295406.982114 0.0597795 0.0514312 -0.142242 -0.0201816 -0.116391 0.0128169 0.992916
1295406.982146 0.0606523 0.0519809 -0.14385 -0.0185215 -0.11684 0.0137361 0.992883
1295406.982178 0.0602611 0.0502234 -0.145804 -0.0167632 -0.117212 0.0137615 0.99287
1295406.982210 0.0613804 0.0482311 -0.146583 -0.0157497 -0.118872 0.0135354 0.992692
1295406.982242 0.0639555 0.0474567 -0.148217 -0.0137593 -0.119682 0.0137029 0.992622
1295406.982274 0.0629898 0.0461826 -0.149683 -0.0125674 -0.118874 0.0135413 0.992737
1295406.982306 0.0625425 0.0439246 -0.151286 -0.0111262 -0.118879 0.0126423 0.992766
1295406.982354 0.0621536 0.0435939 -0.152095 -0.00979524 -0.118291 0.0127427 0.992849
1295406.982386 0.0621433 0.0428165 -0.152818 -0.00863773 -0.117771 0.0126709 0.992922
1295406.982418 0.0618444 0.0416427 -0.153605 -0.00769008 -0.117159 0.0127537 0.993002
1295406.982450 0.063042 0.0390016 -0.154013 -0.00693875 -0.11742 0.0121357 0.992984
1295406.982482 0.0629973 0.0376305 -0.154395 -0.00597138 -0.116726 0.0124298 0.993068
1295406.982514 0.0620862 0.0325765 -0.154875 -0.00595662 -0.115043 0.011632 0.993275
1295406.982546 0.0617498 0.032209 -0.155361 -0.00475775 -0.114265 0.0120221 0.993366
1295406.982578 0.0625961 0.0308065 -0.156696 -0.00292799 -0.114049 0.011734 0.993402
1295406.982610 0.0618064 0.027694 -0.157327 -0.00234281 -0.113283 0.0114019 0.993495
1295406.982822 0.0620071 0.0241544 -0.159287 0.000727861 -0.11366 0.0110808 0.993458
1295406.982879 0.0626992 0.0143313 -0.16308 0.00858899 -0.105085 0.00774954 0.994396
1295406.982911 0.0645824 0.0166109 -0.163839 0.0113328 -0.100689 0.00766 0.994824
1295406.982942 0.0652298 0.0140399 -0.164085 0.0120163 -0.0957517 0.00785193 0.995302
1295406.982974 0.0672013 0.0142851 -0.1647 0.0138318 -0.0911776 0.00821738 0.995705
1295406.983022 0.0685071 0.012467 -0.165138 0.0147958 -0.086497 0.00846053 0.996106
1295406.983054 0.0689245 0.0116595 -0.165685 0.0162236 -0.0826131 0.00841906 0.996414
1295406.983086 0.0690109 0.012618 -0.166449 0.0178762 -0.0793281 0.00867324 0.996651
1295406.983118 0.068314 0.0100152 -0.167048 0.0185765 -0.0766979 0.00882855 0.996842
1295406.983150 0.0676152 0.0101429 -0.168051 0.0203691 -0.0743874 0.00896147 0.996981
1295406.983182 0.0679195 0.0114376 -0.169525 0.0224988 -0.0733313 0.00840416 0.997018
1295406.983214 0.0659373 0.0112387 -0.170616 0.0237379 -0.0723121 0.00781454 0.997069
1295406.983246 0.064412 0.0104033 -0.171702 0.0252221 -0.0715713 0.00718948 0.997091
1295406.983278 0.0625111 0.00887639 -0.172555 0.0256185 -0.0707845 0.00544064 0.997148
1295406.983310 0.061212 0.00779806 -0.173625 0.0267317 -0.0695717 0.00406125 0.99721
1295406.983342 0.0619389 0.00844481 -0.174893 0.0280863 -0.0684805 0.00390615 0.997249
1295406.983374 0.0601391 0.00950198 -0.176291 0.0295382 -0.0665319 0.00450482 0.997337
1295406.983423 0.0597361 0.00979834 -0.177814 0.0304745 -0.0650848 0.00457245 0.997404
1295406.983454 0.0596752 0.00797542 -0.178429 0.0309758 -0.0636563 0.0042334 0.997482
1295406.983486 0.0575973 0.0100063 -0.180075 0.0327725 -0.0617955 0.00519956 0.997537
1295406.983518 0.058544 0.0142945 -0.181707 0.0335082 -0.0626365 0.005227 0.99746
1295406.983552 0.0579457 0.0117911 -0.181597 0.0307863 -0.0630854 0.0041816 0.997524
